20
0.05
 0.34 0.0  0.0   0.00 
 0.0  0.34 0.0   0.00 
 0.0  0.0  0.34  0.00 
 0.0  0.0  0.0   1.00 
0.05
 0.34 0.0  0.0   0.33 
 0.0  0.34 0.0   0.00 
 0.0  0.0  0.34  0.00 
 0.0  0.0  0.0   1.00 
0.05
 0.34 0.0  0.0   0.66 
 0.0  0.34 0.0   0.00 
 0.0  0.0  0.34  0.00 
 0.0  0.0  0.0   1.00
0.05
 0.34 0.0  0.0   0.00 
 0.0  0.34 0.0   0.33 
 0.0  0.0  0.34  0.00 
 0.0  0.0  0.0   1.00 
0.05
 0.34 0.0  0.0   0.66 
 0.0  0.34 0.0   0.33 
 0.0  0.0  0.34  0.00 
 0.0  0.0  0.0   1.00 
0.05
 0.34 0.0  0.0   0.00 
 0.0  0.34 0.0   0.66 
 0.0  0.0  0.34  0.00 
 0.0  0.0  0.0   1.00 
0.05
 0.34 0.0  0.0   0.33 
 0.0  0.34 0.0   0.66 
 0.0  0.0  0.34  0.00 
 0.0  0.0  0.0   1.00 
0.05
 0.34 0.0  0.0   0.66 
 0.0  0.34 0.0   0.66 
 0.0  0.0  0.34  0.00 
 0.0  0.0  0.0   1.00  
0.05
 0.34 0.0  0.0   0.00 
 0.0  0.34 0.0   0.00 
 0.0  0.0  0.34  0.33 
 0.0  0.0  0.0   1.00 
0.05
 0.34 0.0  0.0   0.66 
 0.0  0.34 0.0   0.00 
 0.0  0.0  0.34  0.33 
 0.0  0.0  0.0   1.00
0.05
 0.34 0.0  0.0   0.00 
 0.0  0.34 0.0   0.66 
 0.0  0.0  0.34  0.33 
 0.0  0.0  0.0   1.00 
0.05
 0.34 0.0  0.0   0.66 
 0.0  0.34 0.0   0.66 
 0.0  0.0  0.34  0.33 
 0.0  0.0  0.0   1.00
0.05
 0.34 0.0  0.0   0.00 
 0.0  0.34 0.0   0.00 
 0.0  0.0  0.34  0.66 
 0.0  0.0  0.0   1.00 
0.05
 0.34 0.0  0.0   0.33 
 0.0  0.34 0.0   0.00 
 0.0  0.0  0.34  0.66 
 0.0  0.0  0.0   1.00
0.05
 0.34 0.0  0.0   0.66 
 0.0  0.34 0.0   0.00 
 0.0  0.0  0.34  0.66 
 0.0  0.0  0.0   1.00
0.05
 0.34 0.0  0.0   0.00 
 0.0  0.34 0.0   0.33 
 0.0  0.0  0.34  0.66 
 0.0  0.0  0.0   1.00 
0.05
 0.34 0.0  0.0   0.66 
 0.0  0.34 0.0   0.33 
 0.0  0.0  0.34  0.66 
 0.0  0.0  0.0   1.00
0.05
 0.34 0.0  0.0   0.00 
 0.0  0.34 0.0   0.66 
 0.0  0.0  0.34  0.66 
 0.0  0.0  0.0   1.00 
0.05
 0.34 0.0  0.0   0.33 
 0.0  0.34 0.0   0.66 
 0.0  0.0  0.34  0.66 
 0.0  0.0  0.0   1.00
0.05
 0.34 0.0  0.0   0.66 
 0.0  0.34 0.0   0.66 
 0.0  0.0  0.34  0.66 
 0.0  0.0  0.0   1.00